0.7228454950052212
0.6959138306268621
0.6866302925063256
0.6850151538509247
0.684781482100829
0.6845608284437734
0.6842060328296319
0.683746099057665
0.6832109450690472
0.6826158872527223
0.6819661902094484
0.6812612436843491
0.680496907593445
0.6796666867509267
0.6787622678672973
0.677773712390304
0.6766894564484585
0.675496195000918
0.6741786894051344
0.6727195183315956
0.6710987824870688
0.6692937696792028
0.6672785863795161
0.6650237643479856
0.6624958559968037
0.6596570403473718
0.6564647732775469
0.6528715319297408
0.6488247240828737
0.644266858675454
0.639136101667608
0.6333673675612129
0.6268941127176894
0.6196509887431306
0.611577464760942
0.602622417471842
0.5927495058630404
0.5819429018595491
0.5702126815593912
0.5575989749247363
0.5441739280951865
0.5300407353362455
0.5153294571567192
0.5001899611296712
0.4847829191923356
0.4692701730279072
0.4538058181360892
0.4385290689827231
0.42355948032838026
0.40899458863472815
0.39490964517011684
0.3813589035587238
0.3683778865210603
0.35598613264382667
0.34419005030045785
0.3329856347010791
0.32236091039652587
0.3122980381990022
0.30277507523618097
0.2937674061643231
0.2852488788627343
0.2771926842681423
0.26957202090949056
0.26236058248911487
0.2555329030090563
0.24906458940017276
0.24293246696158904
0.2371146585092827
0.23159061415753213
0.2263411052012269
0.22134819264657943
0.21659517852550847
0.21206654617413792
0.2077478940974228
0.20362586681720973
0.19968808515099828
0.1959230776405858
0.19232021429834714
0.18886964342625356
0.18556223195791982
0.18238950955208272
0.17934361650721983
0.17641725545603767
0.17360364672327194
0.1708964871814107
0.1682899124094918
0.16577846194468857
0.16335704741093693
0.1610209233103509
0.15876566026938105
0.15658712054093354
0.15448143557478897
0.15244498548076083
0.15047438022151097
0.14856644238435263
0.14671819139343958
0.1449268290352654
0.143189726181282
0.14150441060160646
0.13986855577322152
0.13827997059477207
0.13673658992804694
0.13523646589354651
0.1337777598541976
0.13235873502735263
0.13097774967071904
0.1296332507928711
0.12832376834353384
0.12704790984293343
0.125804355413234
0.12459185317844232
0.12340921500221146
0.12225531253572862
0.1211290735503685
0.12002947853204905
0.11895555751627018
0.11790638714466739
0.11688108792558632
0.11587882168270569
0.11489878917711109
0.11394022788947339
0.11300240995011768
0.11208464020580076
0.11118625441294883
0.1103066175479601
0.10944512222594914
0.10860118722001687
0.10777425607377031
0.10696379580040301
0.10616929566218061
0.10539026602466318
0.10462623728044125
0.10387675883757076
0.10314139816826204
0.10241973991372134
0.10171138504135374
0.10101595005082183
0.10033306622572044
0.09966237892786324
0.09900354693140224
0.0983562417942036
0.09772014726408737
0.09709495871771541
0.09648038263006532
0.09587613607257763
0.09528194623819525
0.09469754999164118
0.09412269344339097
0.09355713154590763
0.09300062771079808
