0.9333358796470537
0.8635058421307706
0.8518971318483557
0.8528324208585552
0.8532019154095563
0.8527658475863202
0.8519796736651872
0.8510398001456351
0.8499991427388978
0.8488557699064789
0.8475901778213215
0.846177333378151
0.8445891537845828
0.8427941947519852
0.8407567891268574
0.8384361614008563
0.8357855652194848
0.8327514201556028
0.8292724512713026
0.8252788772298469
0.8206917390515504
0.8154225165826343
0.8093732466528782
0.80243743241425
0.7945021031836833
0.7854514176056024
0.7751721493303134
0.7635611879056997
0.7505347727658914
0.736038564020242
0.7200569841486091
0.7026198512555896
0.6838045524073969
0.6637330726119067
0.642564817590406
0.6204875583434708
0.597709128199339
0.5744514430366259
0.5509465777101836
0.5274330960138583
0.5041504756282437
0.48133046872100044
0.45918600893927697
0.4378998232432132
0.4176154137499692
0.3984323756214463
0.3804066223751303
0.3635547550504814
0.3478610502962905
0.3332854413773463
0.3197712115258638
0.3072516241315276
0.2956551713016037
0.28490944060240914
0.2749437745343622
0.2656909637084357
0.2570882149954248
0.249077603855714
0.24160617739250648
0.234625833168876
0.22809306358485137
0.22196862793128969
0.2162171935937536
0.2108069730519773
0.20570937298430012
0.20089866476798343
0.19635168102220157
0.19204753985461792
0.18796739662132156
0.18409422192077965
0.1804126039552598
0.17690857312929661
0.1735694466933271
0.1703836913009014
0.16734080147681588
0.1644311921568276
0.16164610363564025
0.15897751743536104
0.156418081773931
0.15396104546799502
0.15160019924549417
0.14932982356951238
0.14714464218702383
0.1450397807150677
0.1430107296636555
0.141053311370605
0.13916365038969658
0.13733814693120208
0.13557345300400372
0.13386645095213692
0.13221423411652083
0.13061408938562313
0.1290634814275015
0.12756003842064587
0.1261015391228124
0.12468590113602268
0.12331117024246986
0.12197551070056002
0.12067719640298431
0.11941460280982175
0.11818619957940797
0.1169905438282596
0.11582627395886348
0.11469210400076434
0.11358681841622646
0.11250926732689949
0.1114583621224801
0.11043307141639772
0.10943241731713096
0.1084554719869383
0.10750135446260921
0.1065692277153572
0.10565829592921251
0.10476780197927257
0.10389702509295055
0.1030452786789633
0.10221190831022374
0.10139628984808935
0.10059782769656739
0.0998159531761107
0.09905012300756964
0.0982998178977033
0.09756454121840845
0.09684381777250736
0.09613719263955137
0.0954442300956554
0.09476451260188357
0.09409763985616178
0.093443227904113
0.09280090830458258
0.09217032734596765
0.09155114530977625
0.0909430357781248
0.09034568498214238
0.08975879118848686
0.08918206412139398
0.08861522441787803
0.08805800311388161
0.08751014115934055
0.0869713889602787
0.08644150594618843
0.08592026016107761
0.08540742787668529
0.0849027932264707
0.084406147859084
0.08391729061011657
0.08343602719101113
0.08296216989409276
0.08249553731275162
0.08203595407587298
