1.0633910860018316
0.9876095801005643
0.9805459662173024
0.9827230933156155
0.9826619134983473
0.9808246508126699
0.9780876713175998
0.9748156994920382
0.9710715679715695
0.9667925676191534
0.9618696318291923
0.956172336017868
0.9495533590478518
0.9418480251877624
0.9328744936499639
0.9224364810487673
0.9103295694265987
0.896352110164957
0.8803215434282899
0.8620961572435616
0.8416007118309413
0.8188521347869889
0.7939794178977195
0.7672311853656659
0.7389662648889512
0.7096269265269097
0.6796996082671851
0.6496715098318223
0.6199918327496869
0.5910438859742144
0.5631303501365906
0.5364704949289331
0.511206130141579
0.4874126242178583
0.4651119058662644
0.4442853280961966
0.4248851841754055
0.40684434364530714
0.3900839110838861
0.3745190535260576
0.36006325570714737
0.3466312952419472
0.3341412175739255
0.32251555609573357
0.31168200053491996
0.301573674708221
0.29212914722843064
0.28329226732830126
0.27501189281421445
0.2672415576971843
0.2599391123832919
0.25306635850190146
0.2465886926481422
0.24047476778753302
0.23469617722791267
0.22922716344979643
0.2240443523539203
0.21912651237594263
0.21445433724401358
0.21001025077862637
0.2057782319583099
0.20174365843046374
0.19789316668590043
0.19421452720531396
0.19069653300340905
0.18732890012676912
0.18410217879491073
0.1810076740041912
0.17803737453761573
0.17518388943810984
0.1724403911075816
0.16980056428891854
0.167258560273207
0.16480895575047874
0.16244671578984313
0.160167160494718
0.15796593493175376
0.15583898197870896
0.15378251777763752
0.15179300951594785
0.14986715528973726
0.14800186583183783
0.1461942479116657
0.14444158923567893
0.1427413446963628
0.14109112383450492
0.1394886793943771
0.13793189686454105
0.13641878490857134
0.134947466600216
0.13351617138656546
0.13212322771081772
0.1307670562333286
0.12944616359594527
0.12815913668021914
0.12690463731507703
0.1256813973939646
0.12448821436542491
0.12332394706460548
0.1221875118563321
0.1210778790632058
0.11999406965469928
0.11893515217548656
0.11790023989326624
0.1168884881481569
0.11589909188737832
0.11493128337040336
0.11398433003109122
0.1130575324845058
0.1121502226672028
0.11126176210074333
0.11039154026907183
0.10953897310119433
0.10870350155131646
0.10788459026925411
0.10708172635452591
0.10629441818807739
0.10552219433607785
0.10476460252067692
0.10402120865301959
0.10329159592418488
0.10257536395005701
0.10187212796644433
0.10118151807104823
0.10050317850913885
0.09983676700003526
0.09918195410170408
0.09853842261098854
0.09790586699716532
0.09728399286669241
0.09667251645716668
0.09607116415865148
0.09547967206066682
0.0948977855232518
0.09432525877062373
0.09376185450605824
0.09320734354671045
0.0926615044771835
0.09212412332073303
0.09159499322706839
0.09107391417578353
0.09056069269451138
0.09005514159095676
0.08955707969801763
0.08906633163125374
0.08858272755801178
0.08810610297755778
0.08763629851160938
0.08717315970469827
0.08671653683382903
