0.9240513805930595
0.8564919223065038
0.8484976483317397
0.850756090657291
0.8510283752796115
0.8499860973316152
0.8484004434128676
0.8465442310921062
0.8444620782727801
0.8421214591371596
0.8394691201357111
0.83644515554728
0.832983409464911
0.8290091825006897
0.8244371027473918
0.8191695039428581
0.8130952607091533
0.8060891845476627
0.7980123088379003
0.7887136009045052
0.7780338239872935
0.7658123927848784
0.7518980276882434
0.7361636669603772
0.7185252874909994
0.6989629581455696
0.6775408091998287
0.6544212243294235
0.6298682935110848
0.6042370866696627
0.5779485579228896
0.5514538230326572
0.5251945774792987
0.49956728714801363
0.4748972437025521
0.4514254299123485
0.42930772246345056
0.4086234653110997
0.38938943226968276
0.3715755033417115
0.35511942700709787
0.33993923290442407
0.32594282139102315
0.3130348655324414
0.3011214565255911
0.2901130052656787
0.27992587714895
0.270483152890858
0.26171481503871846
0.25355757692364667
0.24595450443636488
0.23885453128192732
0.23221193273648297
0.22598579824209575
0.2201395265382169
0.2146403560976394
0.20945893664176077
0.2045689431760867
0.19994673141491068
0.1955710320378427
0.19142268052434183
0.18748437906875465
0.1837404871058375
0.18017683715772354
0.1767805729729748
0.17354000722016347
0.17044449629423963
0.16748433007760827
0.16465063476074368
0.1619352870655061
0.1593308384271084
0.15683044787866995
0.15442782254711218
0.1521171648128982
0.1498931253110141
0.14775076105882282
0.14568549809007256
0.14369309805527405
0.14176962831859288
0.13991143514180993
0.1381151195981072
0.13637751590357558
0.1346956718933986
0.13306683140349454
0.1314884183477316
0.129958022306292
0.12847338546288808
0.12703239074779354
0.12563305106043393
0.12427349945992798
0.12295198022476951
0.12166684069403837
0.12041652381235152
0.11919956130937491
0.11801456745229659
0.1168602333163222
0.11573532152413508
0.11463866141044855
0.11356914457236233
0.11252572077029958
0.11150739414789267
0.11051321974238676
0.10954230025996523
0.10859378309293044
0.10766685755792581
0.10676075233639193
0.1058747331002517
0.10500810030741783
0.10416018715316258
0.10333035766467548
0.10251800492729463
0.1017225494319412
0.10094343753421897
0.10018014001649155
0.09943215074500521
0.09869898541482051
0.09798018037592826
0.09727529153449825
0.09658389332371028
0.09590557773908229
0.09523995343363327
0.09458664486859165
0.09394529151571344
0.0933155471075873
0.09269707893258934
0.09208956717141532
0.09149270427235433
0.09090619436269014
0.09032975269381104
0.08976310511779695
0.08920598759341646
0.08865814571962173
0.08811933429476843
0.08758931689992004
0.0870678655047098
0.08655476009434843
0.08604978831646126
0.08555274514653446
0.0850634325708332
0.0845816592857343
0.08410724041248836
0.08363999722649253
0.0831797569002187
0.08272635225899758
0.08227962154891248
0.08183940821610712
0.08140556069685487
0.08097793221778105
0.08055638060566794
0.08014076810630949
