0.7233985253309267
0.6957974925101899
0.6872252600962862
0.686089124806196
0.6858762790843015
0.6854321681384241
0.6847340349346741
0.6838547684768552
0.682834016447044
0.6816837177765244
0.6804001833890103
0.6789707715303641
0.6773769971647197
0.6755958744794237
0.6736004168342261
0.6713597356084678
0.6688389604498647
0.6659991095661408
0.6627970025096884
0.6591852999979376
0.6551127623064491
0.6505248322052094
0.6453646640114845
0.6395747294108991
0.6330991225773431
0.6258866478068563
0.617894686885787
0.6090936990987311
0.5994720059336308
0.5890402825352365
0.5778349803902129
0.5659198310139385
0.5533847188185342
0.5403416029684932
0.5269177553322274
0.5132472020289659
0.49946169739881474
0.4856826576009711
0.4720152026436711
0.45854491030000105
0.44533726735133483
0.43243930117306695
0.4198825997637469
0.40768689478437925
0.3958635290452192
0.3844183655580112
0.37335393697955394
0.3626708287297373
0.3523684147084122
0.3424451232455888
0.3328984173788689
0.3237246466267696
0.31491888470982893
0.3064748227013784
0.2983847484694902
0.2906396150362981
0.2832291831778684
0.27614221560179586
0.2693666988045287
0.26289007159753774
0.2566994441211922
0.25078179639844617
0.24512415019674336
0.2397137117351397
0.23453798549595445
0.22958486116944749
0.22484267675629196
0.22030026127559707
0.2159469605577394
0.21177264938913315
0.20776773293109524
0.20392313993448802
0.20023030986611032
0.1966811756818357
0.19326814364089165
0.18998407126158104
0.18682224427137942
0.18377635320053737
0.18084047010324666
0.17800902575868416
0.17527678760046364
0.17263883854230216
0.17009055680566684
0.1676275968081332
0.16524587113601716
0.16294153359901942
0.16071096334604912
0.15855075000843474
0.1564576798280504
0.1544287227224537
0.15246102023613353
0.1505518743257604
0.14869873692744312
0.1468992002550313
0.14515098778019214
0.14345194584709814
0.1418000358769441
0.14019332712002855
0.13862998991571002
0.13710828942311046
