0.902255990722703
0.8544806566950353
0.849686466283939
0.8509276712481996
0.850795210845107
0.8496290667951801
0.847969098891897
0.846029069014472
0.8438453019885048
0.8413866073616181
0.838600438532902
0.835425863853701
0.8317946828310556
0.8276297391580972
0.8228431066935383
0.8173346483359064
0.810991023241191
0.8036853070845849
0.795277578069683
0.7856170135578828
0.7745462149184973
0.7619085869974815
0.7475595481174229
0.7313819889179973
0.7133055696843303
0.6933280675196877
0.6715352351581221
0.648114110291762
0.623354390568581
0.597634255033303
0.5713909036661291
0.5450807964862612
0.5191379331501643
0.49393884178717756
0.4697802026324932
0.4468707671990138
0.4253354457946009
0.40522738097413197
0.3865436110057113
0.3692408990015603
0.3532496580199706
0.3384850908153571
0.32485546676996574
0.3122678871363206
0.3006320477172642
0.2898625083790568
0.27987990607099433
0.2706114539702082
0.26199098020256933
0.25395868565637125
0.2464607436094021
0.23944882238168805
0.23287958295610567
0.22671418343841443
0.2209178087944071
0.21545923551871568
0.21031043529396487
0.20544621824749423
0.20084391437971935
0.19648309062679323
0.19234530049572196
0.1884138630496039
0.1846736680776445
0.18111100446403522
0.1777134090110686
0.17446953323719513
0.1713690259372536
0.1684024295466645
0.16556108858700966
0.1628370686840625
0.1602230848402825
0.1577124378127597
0.15529895759603984
0.15297695313901022
0.15074116753803415
0.14858673804668465
0.1465091603275797
0.1445042564455936
0.14256814616561422
0.14069722117335418
0.13888812188565064
0.13713771655823928
0.1354430824350124
0.13380148871405195
0.132210381132906
0.13066736799921816
0.1291702075134143
0.12771679624810325
0.12630515866453035
0.12493343756013076
0.1235998853532301
0.12230285612146614
0.12104079831973984
0.11981224811163108
0.11861582325536178
0.11745021749169593
0.11631419538673174
0.11520658758746243
0.11412628645233841
0.11307224202292587
0.11204345830618533
0.11103898983994093
0.11005793851682327
0.10909945064438527
0.1081627142212486
0.10724695641106388
0.10635144119779133
0.10547546720735415
0.10461836568209823
0.10377949859573761
0.10295825689758012
0.10215405887583338
0.10136634863069575
0.10059459464875553
0.09983828847095633
0.0990969434470542
0.09837009357009402
0.0976572923849799
0.09695811196570617
0.09627214195626912
0.0955989886706813
0.0949382742478887
0.09428963585772106
0.09365272495431784
0.09302720657375127
0.09241275867282304
0.09180907150624572
0.09121584703963322
0.09063279839591878
0.09005964933300126
0.08949613375057994
0.0889419952242917
0.08839698656540226
0.0878608694044271
0.0873334137971789
0.08681439785184045
0.08630360737576565
0.08580083554079806
0.08530588256598315
0.08481855541662682
0.08433866751872315
0.08386603848784302
0.08340049387163347
0.08294186490513615
0.08248998827818413
0.08204470591418671
0.08160586475965308
0.08117331658385342
0.08074691778804707
0.08032652922375062
