0.5450509976154788
0.5241340087282886
0.5257373541898608
0.5280599268240698
0.5288864080743615
0.5288758735763169
0.5285208109514793
0.5280194973894868
0.5274336642512641
0.5267743705393053
0.5260347315023063
0.5252008130927553
0.5242548980311734
0.523176261418766
0.5219411553065275
0.5205225430232872
0.5188897561792966
0.517008135837426
0.5148386888784118
0.5123377861321948
0.5094569339728234
0.5061426614322235
0.5023365799313
0.49797569300325273
0.4929930593398636
0.4873189434175145
0.4808826205391754
0.47361502934013683
0.4654524692450929
0.4563414977900605
0.4462450581533394
0.4351496232057204
0.423072759384666
0.4100700264391133
0.39623966744462485
0.38172334316254786
0.3667014977601254
0.35138294832230993
0.33598978411610764
0.3207400972120673
0.30583177963396774
0.29143024734164613
0.27766167979855494
0.2646118121540738
0.2523291178932399
0.2408306849198563
0.23010915829019427
0.22013953854645932
0.21088512285934677
0.20230229370915986
0.19434413925955396
0.1869630405488658
0.18011241915834766
0.17374784231653237
0.1678276586159747
0.16231330439605196
0.15716938795005508
0.152363630291225
0.14786671848898422
0.14365211030644442
0.1396958161848495
0.1359761755550721
0.13247363811977106
0.12917055640890343
0.1260509929969998
0.12310054385808235
0.12030617811421947
0.11765609368589953
0.11513958792151602
0.11274694206153987
0.11046931830634289
0.10829866825476984
0.10622765152959623
0.10424956348347772
0.10235827097026184
0.10054815526222442
0.09881406128815924
0.09715125245688096
0.09555537041379202
0.09402239915388769
0.09254863298277748
0.09113064787818903
0.08976527585843984
0.08844958201206243
0.0871808438847525
0.08595653295665857
0.08477429797534146
0.08363194993800545
0.08252744854135363
0.08145888993905775
0.08042449566577117
0.07942260260317408
0.07845165387804577
0.07751019059505833
0.07659684431812186
0.0757103302238782
0.07484944085952136
0.07401304044466062
0.07320005966357836
0.07240949090008265
